TestCase #:1
00000000000000000000000001111111111111111111111111
00000000000000000000000111111111111111111111111111
00000000000000000000000000001111111111111111111111
00000000000000000000000000011111111111111111111111
00000000000000000000000011111111111111111111111111
00000000000000000000000000000111111111111111111111
00000000000000000000000000011111111111111111111111
00000000000000000000001111111111111111111111111111
00000000000000000000000011111111111111111111111111
00000000000000000000000000000001111111111111111111
00000000000000000000000000000001111111111111111111
00000000000000000000000000001111111111111111111111
00000000000000000000000000011111111111111111111111
00000000000000000000001111111111111111111111111111
00000000000000000000000000000011111111111111111111
00000000000000000000000000111111111111111111111111
00000000000000000000001111111111111111110111111111
00000000000000000000000011111111111111110111111111
00000000000000000000000000011111111111110111111111
00000010000000000000011111111111111111110111111111
00000010001000000000000111111111111110010111111111
00000010001000000000000000111111111100010111111111
00000010001000000010000011111111011000000111110101
00100010001100000010000000111111011000000111110101
01100110001101111111111111111111011000000111100101
01100111001100000010000001111111001000000111100101
01100111011110000010000011110011001000000110100101
01101111011110101011000000000000001000000100100101
11111111011110101111011110100000000000000000000000
11111111011110101111001110000000000000000000000000
11111111111111111111111110110000000000000000100000
11111111111111111111111110000000000000000000000000
11111111111111111111111111110010000000000100100000
11111111011110101111011110000000000000000000000000
11111111111111111111111111110000000000000100000000
11111111111111101111111110000000000000000000000000
11111111111111111111011110000000000000000000000000
11111111111111111111011010000000000000000000000000
11111111111111111111111111110000000000000100100000
11111111111111111111011000000000000000000000000000
11111111111111111111110000000000000000000000000000
11111111111111111111110000000000000000000000000000
11111111111111111111111111110000000000000000000000
11111111111111111111111111100000000000000000000000
11111111111111111111110000000000000000000000000000
11111111111111111111111110100000000000000000000000
11111111111111111111110000000000000000000000000000
11111111111111111111100000000000000000000000000000
11111111111111111111111100000000000000000000000000
11111111111111111111111110100000000000000000000000
TestCase #:2
00000000000000000000000000011111111111111111111111
00000000000000000000000000000001111111111111111111
00000000000000000000000000000011111111111111111111
00000000000000000000000000000111111111111111111111
00000000000000000000000000000111111111111111111111
00000000000000000000000011111111111111111111111111
00000000000000000000000000000111111111111111111111
00000000000000000000000000001111111111111111111111
00000000000000000000000000001111111111111111111111
00000000000000000000000000000111111111111111111111
00000000000000000000000001111111111111111111111111
00000000000000000000000011111111111111111111111111
00000000000000000000000000001111111111111111111111
00000000000000000000000000011111111111111111111111
00000000000000000000011111111111111111111111111111
00000000000000000111111111111111111111111111110111
00000000000000000000000011111111111111111111110111
00000000000000000000000111111111111111101111110111
00000010000000000000000000111111111011101111110111
01000010000000000000011111111111111011101111110111
01000010000000000000000011111111111011101111110111
01000010000000000000000111111111111011101111110111
01100011000000000000000000011111111011101110110110
01100011000000000001111111111111111011101010110100
01100011000000000010111111111111111011101000100100
01100111000101001111000000000000001011101000100100
11100111011111111111111110000110101011100000000100
11100111011111111111111110000000000000000000000000
11100111111111111111101010000000000000000000000000
11111111111111111111111110000000000000000000000000
11111111111111111111111110000000000000000000000100
11111111111111111111111110011000001001100000000100
11111111111111111111111111111000100001000000000000
11111111111111111111111111111110000001000000000000
11111111111111111111111111111010000000000000000000
11100111111111111111001000000000000000000000000000
11111111111111111111111010000000000000000000000000
11111111011111111111001000000000000000000000000000
11111111111111111111111000000000000000000000000000
11111111111111111111111100000000000000000000000000
11111111111111111111111110010000000000000000000000
11111111111111111111101000000000000000000000000000
11111111111111111111111111110000000000000000000000
11111111111111111111111111111100000000000000000000
11111111111111111111101000000000000000000000000000
11111111111111111111111111111110000000000000000000
11111111111111111111111111111110000000000000000000
11111111111111111111111110000000000000000000000000
11111111111111111111111110100000000000000000000000
11111111111111111111111100000000000000000000000000
TestCase #:3
00000000000000000000011111111111111111111111111111
00000000000000000000000000000000111111111111111111
00000000000000000000000001111111111111111111111111
00000000000000000000000011111111111111111111111111
00000000000000000000000111111111111111111111111111
00000000000000000000000001111111111111111111111111
00000000000000000000000011111111111111111111111111
00000000000000000000000000111111111111111111111111
00000000000000000000000011111111111111111111111111
00000000000000000000000000000001111111111111111111
00000000000000000000000011111111111111111111111111
00000000000000000000000011111111111111111111111111
00000000000000000000111111111111111111111111111111
00000000000000000000000111111111111111111111111111
00000000000000000000000000011111111111111111111111
00000000000000000000000000000111111111111111111111
00000000000000000000000001111111111111111111111111
00000000000000000000111111111111111111111111111111
00000000000000000000000111111111101111111111111111
00000000000000000000000001111111001111111111111111
00000000000000000000000000000111001111111110111111
00000000000010000000001011111111001001111110011111
00000000001010001111111111111111001001111110011111
00010000001011000000001011111111001001111110011111
01110101001111000111001000011111001001010110011111
01111101101111100111001000000111001001010110011101
11111111111111111111111100000000000000000110011101
01111101111111101111001100000000000000000000000000
01111101111111101111101000000000000000000000000000
11111111111111111111111100000000000000000000001101
11111101111111101111001000000000000000000000000000
11111111111111111111111101000000000000000000001000
11111111111111111111111101000000000000000010010000
11111101111111101111101100000000000000000000000000
11111111111111111111111101000000000000000000000000
11111111111111111111111101000000000000000110010000
11111111111111111111111101000000000000000000000000
11111111111111111111111111010000000000000100010000
11111111111111111111111111000000000000000000000000
11111111111111111111111000000000000000000000000000
11111111111111111111111111010001001000010000000000
11111111111111111111111111110000001000000000000000
11111111111111111111111111000000000000000000000000
11111111111111101111101000000000000000000000000000
11111111111111111111111111110101001000000000000000
11111111111111111111101000000000000000000000000000
11111111111111111111111100000000000000000000000000
11111111111111111111111100000000000000000000000000
11111111111111111111111111110100000000000000000000
11111111111111111111111101000000000000000000000000
TestCase #:4
00000000000000000000000000000001111111111111111111
00000000000000000000000000001111111111111111111111
00000000000000000000000000000111111111111111111111
00000000000000000000000000111111111111111111111111
00000000000000000000011111111111111111111111111111
00000000000000000000011111111111111111111111111111
00000000000000000000000000111111111111111111111111
00000000000000000000000011111111111111111111111111
00000000000000000000000011111111111111111111111111
00000000000000000000000111111111111111111111111111
00000000000000000000111111111111111111111111111111
00000000000000000000000000111111111111111111111111
00000000000000111111111111111111111111111111111111
00000000000000000000000000000111111111111111111111
00000000000000000000111111111111111111111111111111
00000000000000000000000000000011111111111111111111
00000000000000111111111111111111111111111111111111
00000000000000000000000111111111111111111111111111
00000000000000000000000111111111111111111111111111
00000001000000000000000011111111111111111111111111
00000001000000000000000001111111011111110111111111
00000001000001000000001111111111011111110101111111
01000001000101000100111111111111001010110101111110
01000001000101001110000000011111001010110100011110
01000101000101101110011111111111001010110100011110
01100111011101101110000000111111001010110000011010
01100111111101101111000000000001000010100000010010
01101111111101101111000000010100000010000000010010
01111111111101111111001111100000000000000000000010
11111111111101111111000011100000000000000000000000
11111111111101111111010001100000000000000000000000
11111111111111111111111111110000000010000000010000
11111111111101111111110001100000000000000000000000
11111111111101111111110111100000000000000000000000
11111111111111111111111001100000000000000000000000
11111111111111111111111000000000000000000000000000
11111111111111111111111111100000000000000000000000
01101111111101111111000000000000000000000000000000
11111111111111111111110000000000000000000000000000
11111111111111111111111010000000000000000000000000
11111111111111111111111111110100000000000000010000
11111111111111111111110000000000000000000000000000
11111111111111111111111110100000000000000000000000
11111111111111111111111111100000000000000000000000
11111111111111111111111111110100000000000000000000
11111111111111111111111010000000000000000000000000
11111111111111111111111000000000000000000000000000
11111111111111111111111110000000000000000000000000
11111111111111111111110000000000000000000000000000
11111111111111111111111111100000000000000000000000
TestCase #:5
00000000000000000000000000000000111111111111111111
00000000000000000000000000000000001111111111111111
00000000000000000000000011111111111111111111111111
00000000000000000000000011111111111111111111111111
00000000000000000000011111111111111111111111111111
00000000000000000000000000000000000111111111111111
00000000000000000000000000000000011111111111111111
00000000000000000000000111111111111111111111111111
00000000000000000000000111111111111111111111111111
00000000000000000000000000001111111111111111111111
00000000000000000000000011111111111111111111111111
00000000000000000000000000001111111111111111111111
00000000000000000000111111111111111111111111111111
00000000000000000000000000001111111111111111111111
00000000000000000000000000001111111111111111111111
00000000000000000001111111111111111111111111111111
00000000000000000000000011111111111111111111111111
00000000000001000000000000111111111111111111111111
00000000000001000000011111111111111111111111111111
00000000000011000000000011111111111111101111111111
00100000000011000000111111111111111111100011110111
00100100000011000100000001111111111111000011110111
00110100000011000100000001111111111111000011110111
00110100010011000100000001111111111111000011110111
00110100010011010100000000000011111111000000110111
00110100010011010100001111111111110111000000010110
00111101111011010100110011111111110111000000010010
11111111111011111100110000000000010011000000010010
11111111111011111100110111110111100010000000000010
11111111111011111100111100000111100000000000000010
11111111111111111111110000000000000000000000000000
11111111111111111111111100000000100000000000000000
11111111111111111111111100010011000000000000000000
11111111111111111111111111110001000000000000000000
11111111111111111111111100000000000000000000000000
11111111111111111111111100000000000000000000000000
11111111111111111111111100000000000000000000000000
11111111111111111111111101110001000000000000000000
11111111111111111111111100000000000000000000000000
11111111111111111111111100000000000000000000000000
11111111111111111111111111110111000000000000000000
11111111111111111111111000000000000000000000000000
11111111111111111111111111110001000000000000000000
11111111111111111111111100110000000000000000000000
11111111111111111111111111110000000000000000000000
11111111111111111101110000000000000000000000000000
11111111111111111111111101000000000000000000000000
11111111111111111111111111010000000000000000000000
11111111111111111111111110000000000000000000000000
11111111111111111111111111100000000000000000000000
TestCase #:6
00000000000000000000000000000000001111111111111111
00000000000000000000000011111111111111111111111111
00000000000000000000000000111111111111111111111111
00000000000000000000001111111111111111111111111111
00000000000000000000000000001111111111111111111111
00000000000000000000000111111111111111111111111111
00000000000000000000000111111111111111111111111111
00000000000000000000000000111111111111111111111111
00000000000000000000011111111111111111111111111111
00000000000000000000000000001111111111111111111111
00000000000000000000000000011111111111111111111111
00000000000000000000000000111111111111111111111111
00000000000000000000111111111111111111111111111111
00000000000000000000011111111111111111111111111111
00000000000000000000000111111111111111111111111111
00000000000000000000000000000011111111111111111111
00000000000000000000000000111111111111111111111111
00000000000000000000000000000011111111111111111111
00000000000000100000000000011111111111111111111111
00000000000000100000000011111111111111111111111111
00000000000000100000000001111111111111011111111111
00000000000000100000000000001111111111001111111111
00000010000100100011111111111101101111001011111100
00000111000100100001111111111101101100001001001100
00001111100100110000111111111101001100001001001000
01001111101110110011111111111100000100000000001000
11011111101110110000011101110100000100000000000000
11111111101111110111111101110000000000000000000000
11111111111111111000100000100000000000000000000000
11111111111111111101101101000000000000000000000000
11111111111111111111111101110100000000000000000000
11111111111111111111111101110000000000000000000000
11111111111111111000000000000000000000000000000000
11111111111111111101100101000000000000000000000000
11111111111111111111100101000000000000000000000000
11111111111111111111111100000000000000000000000000
11111111111111111111100100000000000000000000000000
11111111111111111111100000000000000000000000000000
11111111111111111111100000000000000000000000000000
11111111111111111111111100000000000000000000000000
11111111111111111111111111110100000100000000000000
11111111111111111111111101000000000000000000000000
11111111111111111101100000000000000000000000000000
11111111111111111111111101110000000000000000000000
11111111111111110000000000000000000000000000000000
11111111111111111111111100000000000000000000000000
11111111111111111111111111110100000000000000000000
11111111111111111111111101000000000000000000000000
11111111111111111111111101110000000000000000000000
11111111111111111111111111111100000100001001000000
TestCase #:7
00000000000000000000000111111111111111111111111111
00000000000000000000000111111111111111111111111111
00000000000000000000000000000011111111111111111111
00000000000000000000000000000111111111111111111111
00000000000000000000000011111111111111111111111111
00000000000000000001111111111111111111111111111111
00000000000000000000000000000111111111111111111111
00000000000000001111111111111111111111111111111111
00000000000000000000000000111111111111111111111111
00000000000000000000000000011111111111111111111111
00000000000000000000000111111111111111111111111111
00000000000000000000001111111111111111111111111111
00000000000000000000001111111111111111111111111111
00000000000000000000111111111111111111111111111111
00000000000000000000000000000000011111111111111111
00000000000000000011111111111111111111111111111111
00000000000000000000000001111111111111111111111111
00000000000000000000000000000011111111111111111111
00000001100000000000000000111111111101111111111111
00000001100000000000000000011111111101110111111111
10000001100000000000000000000011101101110110111111
10000001100000000000000000011111001101110110111111
10000011100000000111111111111111001100110100111111
10000011101000000000011111111111001100110100111011
10100011101001001000000000001111001100110100101011
11100011101011011000000001111110001100110100101011
11110011111011011000000111111100001100110100101010
11111111111111111111111111001000000000000000100000
11110011111111111011111111000000000000000000000000
11110011111111111001111101000000000000000000000000
11110011111111111011011101000000000000000000000000
11111111111111111111111101000000000000000000000000
11110111111111111111111000000000000000000000000000
11111111111111111011110000000000000000000000000000
11111111111111111111111001000000000000000000000000
11111111111111111111111111010000000000000000000000
11111111111111111111111100000000000000000000000000
11110011111111111011000000000000000000000000000000
11111111111111111111111000000000000000000000000000
11111111111111111111111111000000000000000000000000
11111111111111111111111000000000000000000000000000
11111111111111111111111111111000000000100100100000
11111111111111111011100000000000000000000000000000
11111111111111111111111111111000000000100100000000
11111111111111111111111111111000000100000000000000
11111111111111111111111111111000000000000000000000
11111111111111111111111111111100000100000100000000
11111111111111111111111111111000000000000000000000
11111111111111111111111111010000000000000000000000
11111111111111111111111101000000000000000000000000
TestCase #:8
00000000000000000000000000011111111111111111111111
00000000000000000000000000000001111111111111111111
00000000000000000000111111111111111111111111111111
00000000000000000000000001111111111111111111111111
00000000000000000000000000111111111111111111111111
00000000000000000000000000011111111111111111111111
00000000000000000000011111111111111111111111111111
00000000000000000000000000111111111111111111111111
00000000000000000000000011111111111111111111111111
00000000000000000000000011111111111111111111111111
00000000000000000000000000111111111111111111111111
00000000000000000000000000011111111111111111111111
00000000000000000011111111111111111111111111111111
00000000000000000000000000000001111111111111111111
00000000000000000000000000000111111111111111111111
00000000000000000000000000011111111111111111111111
00000000000000000001111111111111111111011111111111
00000000000000000000000000000001111111011111111111
00000000000000000000111111111111111111011111111111
00000000000000000000000000011111111111011111111111
00000000000000000000000011111111111111011111111111
00010000000000000100000000111111111111011101111011
00010000000000000100011111111111111111011100111010
00011000000000000110000001111111111111011100111000
00111000000000001111111111111101011111011000111000
00111000011101000110000111111101011110011000110000
00111001011111010110000000111101011100010000110000
10111011111111111111100000000000000000000000010000
11111001111111111111100000000000000000000000000000
11111001011111011111100000000000000000000000000000
11111011011111111111100000000000000000000000000000
11111111111111111111100001111100011000000000110000
11111111111111111111100010000000000000000000000000
11111111111111111111111111000000000000000000000000
11111111111111111111111010000000000000000000000000
11111111111111111111111111001000000000000000100000
11111011111111111111100000000000000000000000000000
11111111111111111111000000000000000000000000000000
11111111011111111110000000000000000000000000000000
11111111111111111111111010000000000000000000000000
11111111111111111111111011000000000000000000000000
11111111111111111111111000000000000000000000000000
11111111111111111111111111101000001000000000000000
11111111111111111111111111111000000000000000000000
11111111111111111111111111000000000000000000000000
11111111111111111111111111111100011100000000100000
11111111111111111110000000000000000000000000000000
11111111111111111111111111111000010000000000000000
11111111111111111111111111000000000000000000000000
11111111111111111111111111001000000000000000000000
TestCase #:9
00000000000000000000000000000011111111111111111111
00000000000000000000000111111111111111111111111111
00000000000000000000000000000011111111111111111111
00000000000000000000000000001111111111111111111111
00000000000000000000111111111111111111111111111111
00000000000000000000000000000001111111111111111111
00000000000000000000000000011111111111111111111111
00000000000000000000000000011111111111111111111111
00000000000000000000000000011111111111111111111111
00000000000000000000001111111111111111111111111111
00000000000000000111111111111111111111111111111111
00000000000000000000011111111111111111111111111111
00000000000000000000000000111111111111111111111111
00000000000000000000000000000111111111111111111111
00000000000000000000000000000011111111111111111111
00000000000000000000000000011111111111111111111111
00000000000000000000011111111111111111111111111111
00000000000000000000000000111111111111111111111111
00000000000000000000000111111111111111111111111111
00000000000000000010000000001111111111111111111111
00000000000000000010000000111111111101111111111111
00000010000000000010000001111111011100111111111010
00001110000000000010000001111111011100111111111010
00001110000000101111111111111101011100011111111010
10011110010100100010001111111101011100011101100010
11011111010100100011111111111101010000011100000010
11111111010101100010000011111101010000011100000010
11111111010101100010000001111101010000000100000010
11111111010101100010011111111101010000000000000000
11111111010101110110001111100000000000000000000000
11111111010111110110011111100000000000000000000000
11111111111111111111111111101000000000000000000000
11111111110111110110000111100000000000000000000000
11111111111111110111111111000000000000000000000000
11111111111111110111111100000000000000000000000000
11111111111111111111111111101000000000000000000000
11111111111111111111111100000000000000000000000000
11111111111111110110001100000000000000000000000000
11111111111111111111111111111101010000000000000000
11111111111111111111111111100000000000000000000000
11111111111111111111111101000000000000000000000000
11111111111111111111111111000000000000000000000000
11111111111111110110100000000000000000000000000000
11111111111111110110100000000000000000000000000000
11111111111111111111111110000000000000000000000000
11111111111111111111111111101000000000000000000000
11111111111111111110111100000000000000000000000000
11111111111111111111111100000000000000000000000000
11111111111111111110101100000000000000000000000000
11111111111111111111111111111001000000000000000000
TestCase #:10
00000000000000000000011111111111111111111111111111
00000000000000000000000111111111111111111111111111
00000000000000000000000011111111111111111111111111
00000000000000000000000011111111111111111111111111
00000000000000000000000011111111111111111111111111
00000000000000000001111111111111111111111111111111
00000000000000000000011111111111111111111111111111
00000000000000000000000000111111111111111111111111
00000000000000000000001111111111111111111111111111
00000000000000000000000000000111111111111111111111
00000000000000000000000000001111111111111111111111
00000000000000000000000000111111111111111111111111
00000000000000000000000000011111111111111111111111
00000000000000000000000000000111111111111111111111
00000000000000000000001111111111111111111111111111
00000000000000000000000000011111111111111111111111
00000000000000000000000001111111111111111111111111
00000000000000000000000001111111111111111111111111
00000000000000000000111111111111111111111111111111
00000000000000000001111111111111101111111111111111
10000001000010010000000000000000000111111111110111
10000001001010010001000000011111101111111111110111
10001001001010010001000000000111101101111111110111
10001001101010011001000000000000101101111111110111
11001011101010111001000000011111100101000111010111
11011011111010111001000001101111100101000011010111
11111011111110111011111111100000000000000000000100
11111111111111111111111111000000000000000000000000
11111011111111111111111101000000000000000000000000
11111111111111111111111101000000000000000000000000
11111011111111111111111101000000000000000000000000
11111011111110111101000101000000000000000000000000
11111111111111111111111101000000000000000000000000
11111111111111111111111111100000000000000001010100
11111111111111111111111101000000000000000000000000
11111111111110111101011101000000000000000000000000
11111111111111111101000000000000000000000000000000
11111111111111111111111111100100000001000011000100
11111111111111111111111111100101100000000011000100
11111111111111111111111101000000000000000000000000
11111111111111111111111111100000000000000000000000
11111111111111111101011101000000000000000000000000
11111111111111111101000100000000000000000000000000
11111111111111111101000100000000000000000000000000
11111111111111111111111111100110000000000011000000
11111111111111111111000000000000000000000000000000
11111111111111111111111111100100000000000010000000
11111111111111111111111101000000000000000000000000
11111111111111111111101100000000000000000000000000
11111111111111111111100100000000000000000000000000
TestCase #:11
00000000000000000000000000111111111111111111111111
00000000000000000000000000000011111111111111111111
00000000000000000000000111111111111111111111111111
00000000000000000000000111111111111111111111111111
00000000000000000000000001111111111111111111111111
00000000000000000000011111111111111111111111111111
00000000000000000000000011111111111111111111111111
00000000000000000000001111111111111111111111111111
00000000000000000000000000000111111111111111111111
00000000000000000000000001111111111111111111111111
00000000000000000000000011111111111111111111111111
00000000000000000000000000111111111111111111111111
00000000000000000000000011111111111111111111111111
00000000000000000000000000001111111111111111111111
00000000000000000000000000000111111111111111111111
00000000000000000000000000000001111111111111111111
00000000000000000000000000111111111111111111111111
00000000000000010000000000000111111111111111111111
00100000000000010000001111111111110111111111111111
00100000000000010000000000111111110111111111111111
00100000000000010000000000111111110111111111111110
00100000000000010000111111111011110110111011111110
00100010001010010111111111111011010110111011111110
01110110001011010000000111111001000100111011111110
01110110011011010000000000011001000100111011111110
01110110011111110000100000001001000100011011101100
01110111111111110000100011110001000100010011101100
01110111111111110100101111110000000100010010000100
01111111111111111100110000110000000100010010000100
11111111111111111100110011100000000000000000000100
11111111111111111100111110100000000000000000000000
11111111111111111111111110100000000000000000000000
11111111111111111111111110100000000000000000000000
11111111111111111100111110000000000000000000000000
11111111111111111101110100000000000000000000000000
11111111111111111111111111100000000000000000000000
11111111111111111111110100000000000000000000000000
11111111111111111111110000000000000000000000000000
11111111111111111111111110000000000000000000000000
11111111111111111111111000000000000000000000000000
11111111111111111111111111000000000000000000000000
11111111111111111110110000000000000000000000000000
11111111111111111111111110000000000000000000000000
11111111111111111111111111100000000000000000000100
11111111111111111111111111111001000100010011000100
11111111111111111111111111100000000000000000000100
11111111111111111111111110000000000000000000000000
11111111111111111100110000000000000000000000000000
11111111111111111111111111110000000000010010000000
11111111111111111111111100000000000000000000000000
TestCase #:12
00000000000000000111111111111111111111111111111111
00000000000000000000001111111111111111111111111111
00000000000000000000000000111111111111111111111111
00000000000000000000000111111111111111111111111111
00000000000000000000000000111111111111111111111111
00000000000000000000000001111111111111111111111111
00000000000000000000000011111111111111111111111111
00000000000000000000000000001111111111111111111111
00000000000000000000000000111111111111111111111111
00000000000000000000000001111111111111111111111111
00000000000000000000001111111111111111111111111111
00000000000000000000111111111111111111111111111111
00000000000000000000000000001111111111111111111111
00000000000000000000001111111111111111111111111111
00000000000000000000011111111111111111111111111111
00000000000000000000011111111111111111111111111111
00000000000000000001111111111111111111111111111111
00000000000100000000000111111111111111111111111111
00000000000100000001000001111111111111111111111111
00000000000101000001000000000001111111111111101111
00000000000101000001011111111101111111111111101011
00000001001101000001000111111101111111111111001011
00000101011101000001000000000101111111111111001011
01000111011101000101000000000000000011111111001011
01000111011101100101000000000000111011111001001010
01000111011101100101000011101101111011111001001010
11000111011101100101000000000000000000011001001010
11011111011101100101110000001101101010011000001010
11111111111111111111110000000000000000011000001000
11111111111111111111110000000000000000000000000000
11111111111111111111110001100101100010011000001000
11111111111111111111111000000000100010011000001000
11011111011111111111110000000000000000000000000000
11111111111111111111111000000000000000011000000000
11011111011111111111110000000000000000000000000000
11111111111111111111111000000000000000011000000000
11111111111111111111111010000000000000000000000000
11111111111111111111111000000000000000000000000000
11111111111111111111111111100100000000001000000000
11111111111101111101000000000000000000000000000000
11111111111111111111111111100100100000001000000000
11111111111111111111111010000000000000000000000000
11111111111111111111111010000000000000000000000000
11111111111111111111111110000000000000000000000000
11111111111111111111111010000000000000000000000000
11111111111101111111110000000000000000000000000000
11111111111111111111100000000000000000000000000000
11111111111111111111111110000000000000000000000000
11111111111111111111111110000100000000001000000000
11111111111111111111111111000000000000000000000000
TestCase #:13
00000000000000000000000000001111111111111111111111
00000000000000000000000000000111111111111111111111
00000000000000000000000011111111111111111111111111
00000000000000000000001111111111111111111111111111
00000000000000000000000000000000011111111111111111
00000000000000000000000000001111111111111111111111
00000000000000000000000001111111111111111111111111
00000000000000000000000001111111111111111111111111
00000000000000000000000000011111111111111111111111
00000000000000000000011111111111111111111111111111
00000000000000000000000000000000000111111111111111
00000000000000000000000011111111111111111111111111
00000000000000000000000000001111111111111111111111
00000000000000000000000000011111111111111111111111
00000000000000000000001111111111111111111111111111
00000000000000000000000000000001111111111111111111
00000000000000000000000000000111111111111111111111
00000000000000000011111111111111111111111111111111
00000000000001000000011111111111111111111111111110
00000000000001000000000111111111111111111111111110
00000000000001000011111111111111111111011111111110
00000000000001000000000000000011111111011111111110
00000000000001000001000000000000000111011110111110
00001000000001000011000111111111111111011110011110
00001010000001001011000111110111101011011110011110
00011010000101001011000000110111101000011110011110
10111011000101001011111111110111101000001110001110
11111011100101011011001111110011101000001110000010
11111011100111011011000000110011101000000100000010
11111011111111111111111001100000000000000000000000
11111111110111111011111001000000000000000000000000
11111111111111111111110001000000000000000000000000
11111111110111111011010000000000000000000000000000
11111111111111111111111001110000000000000000000000
11111111111111111111111111110000000000000000000010
11111111111111111111111011110000000000000000000000
11111111111111111111100000000000000000000000000000
11111111111111111111111111110000100000000000000000
11111111111111111111111111110000000000000000000000
11111111111111111111111101110000000000000000000000
11111111111111111111111001100000000000000000000000
11111111111111111111111111110001100000000100000000
11111111111111111111110001000000000000000000000000
11111111111111111111111111110001000000000000000000
11111111111111111111111111110000000000000000000000
11111111111111111111111000000000000000000000000000
11111111111111111111100000000000000000000000000000
11111111111111111111000000000000000000000000000000
11111111111111111111111101100000000000000000000000
11111111111111111111111101100000000000000000000000
TestCase #:14
00000000000000000000000011111111111111111111111111
00000000000000000000000001111111111111111111111111
00000000000000000000000000000011111111111111111111
00000000000000000011111111111111111111111111111111
00000000000000000001111111111111111111111111111111
00000000000000000000000000000001111111111111111111
00000000000000000000000000011111111111111111111111
00000000000000000000000000000000001111111111111111
00000000000000000000000000001111111111111111111111
00000000000000000000000011111111111111111111111111
00000000000000000000000000000111111111111111111111
00000000000000000000000000000000001111111111111111
00000000000000000000000011111111111111111111111111
00000000000000000000000000000011111111111111111111
00000000000000000001111111111111111111111111111111
00000000000000000000000000011111111111111111111111
00000000000000000000000000000111111111111111111111
00000000000000000000000000000000011111111111111111
00000000000000000001111111111111111111111111111111
00000000000000000001111111111111111111111111111111
00000000000000000000011111111111111111111111111111
00100000100000100000000111111111111111111111111111
00110100100000100110000000111111111111001110101111
10111100100001110110000000000011111111001110101111
10111100100001111110000000111111111000001110101111
10111110100001111110000000000000111000001100101111
11111110100011111110000000001111111000001000100111
11111110110011111110000000011111111000001000000001
11111110110111111110000000111110011000001000000000
11111110111111111111111111000000000000000000000000
11111111110111111110111111000000000000000000000000
11111111110111111111111101000000000000000000000000
11111111110111111111111101000000000000000000000000
11111111110111111111011101000000000000000000000000
11111111111111111111111111000000000000000000000000
11111111111111111111111111000000000000000000000000
11111111111111111111111111100110001000000000000000
11111111111111111111110000000000000000000000000000
11111111111111111111111111000000000000000000000000
11111111111111111111111111110010001000000000000000
11111111111111111111110000000000000000000000000000
11111111111111111111110001000000000000000000000000
11111111111111111111111111111100000000000000000000
11111111111111111111111111110000000000000000000000
11111111111111111111111111111000000000000000000000
11111111111111111111110000000000000000000000000000
11111111111111111111110000000000000000000000000000
11111111111111111111111111000000000000000000000000
11111111111111111111111100000000000000000000000000
11111111111111111111111101000000000000000000000000
TestCase #:15
00000000000000000000000000011111111111111111111111
00000000000000000000000111111111111111111111111111
00000000000000000000000000000011111111111111111111
00000000000000000000011111111111111111111111111111
00000000000000000000000000001111111111111111111111
00000000000000000000000000001111111111111111111111
00000000000000000000000011111111111111111111111111
00000000000000000000000000000011111111111111111111
00000000000000000000000011111111111111111111111111
00000000000000000000000001111111111111111111111111
00000000000000000000000111111111111111111111111111
00000000000000000000111111111111111111111111111111
00000000000000000000000000000011111111111111111111
00000000000000000000000000111111111111111111111111
00000000000000000000000000111111111111111111111111
00000000000000000000000000011111111111111111111111
00000000000000000000000001111111111111111111111111
00000000000000000000000000011111111111111111111111
00000000000000000001000011111110111111111111111111
00000000000000000001000001111110111111111111111011
00000000000000000001000111111110111111111111111011
00000000000000000001000011111110111111111111110011
00000010000010000001000001111110111101101110110011
00000010000011000111111111111110111001101110010011
00101010000011011111111111111110110001101100010010
00111010000011000001000001111110110001101100010010
00111011000011000101000001111110110000101100010010
00111011011111111111111111111000110000100000000000
11111011101011011111000000011000110000100000000000
11111011111011011111001110000000000000100000000000
11111111111111111111111110000000000000000000000000
11111111111111111111111110011000000000100000000000
11111111111111111111111111101000000000100000000000
11111111111111111111111110100000000000000000000000
11111111111011111111001110000000000000000000000000
11111111111011111111010110000000000000000000000000
11111111111011111111011100000000000000000000000000
11111111111111111111110100000000000000000000000000
11111111111111111111111111111000000000100000000000
11111111111111111111111111000000000000000000000000
11111111111111111111111111000000000000000000000000
11111111111111111111111111111000000000000000000000
11111111111111111111111000000000000000000000000000
11111111111111111111110000000000000000000000000000
11111111111111111111111111110000000000000000000000
11111111111111111111111111000000000000000000000000
11111111111111111111111000000000000000000000000000
11111111111111111111111000000000000000000000000000
11111111111011111111110000000000000000000000000000
11111111111111111111111110000000000000000000000000
TestCase #:16
00000000000000000000000001111111111111111111111111
00000000000000000001111111111111111111111111111111
00000000000000000000000001111111111111111111111111
00000000000000000000000001111111111111111111111111
00000000000000000000000001111111111111111111111111
00000000000000000000000001111111111111111111111111
00000000000000000011111111111111111111111111111111
00000000000000000000000000001111111111111111111111
00000000000000000000000000011111111111111111111111
00000000000000000000001111111111111111111111111111
00000000000000000000000000111111111111111111111111
00000000000000000000000000111111111111111111111111
00000000000000000000000000000000011111111111111111
00000000000000000000000111111111111111111111111111
00000000000000000000000011111111111111111111111111
00000000000000000000000000111111111111111111111111
00000000000000010000000000001111111111111111111111
00000000000000010000000000001111111111111111111111
00000000000000010000000000000111111111111111111111
01000000000000010000000000001111111111111101111111
01000000100000010000000000000000111111111101111111
01000000110000010000000111111111111110111101111111
01000000110000010000000011111111111110111101110111
01010001110000010010010000111111100000111101110110
11011001110100011010010000001111100000111101010110
11011001110100011110010111111101100000101101010100
11111011111111111111111111000000000000000000000100
11111111111111111111111111011000100000001101010100
11111111111111111111111111000000000000000000010000
11111111111110011110010001000000000000000000000000
11111111111111111111111111100000000000000000000000
11111111111111011110010010000000000000000000000000
11111111111111111111111111000000000000000000000000
11111111111111111111111011000000000000000000000000
11111111111111111111111111111000000000000100010000
11111111111111111111111010000000000000000000000000
11111111111111111111111110000000000000000000000000
11111111111111111110011000000000000000000000000000
11111111111111111111111111111000000000000000000000
11111111111111111111111010000000000000000000000000
11111111111110011110010000000000000000000000000000
11111111111111011110011000000000000000000000000000
11111111111111111111111111110000000000000000000000
11111111111111111111111110000000000000000000000000
11111111111111111111011010000000000000000000000000
11111111111111111111111111111000000000000000000000
11111111111111111111111111111101000000000100010100
11111111111111111111111110000000000000000000000000
11111111111111111111111110000000000000000000000000
11111111111111111111111111111000000000000000000000
TestCase #:17
00000000000000000000000001111111111111111111111111
00000000000000000000000000000001111111111111111111
00000000000000000000111111111111111111111111111111
00000000000000000000000111111111111111111111111111
00000000000000000000000000001111111111111111111111
00000000000000000000001111111111111111111111111111
00000000000000000000000111111111111111111111111111
00000000000000000000000000011111111111111111111111
00000000000000000000000000011111111111111111111111
00000000000000000000000000111111111111111111111111
00000000000000000000000011111111111111111111111111
00000000000000000111111111111111111111111111111111
00000000000000000000011111111111111111111111111111
00000000000000000000000011111111111111111111111111
00000000000000000000000000011111111111111111111111
00000000000000000000011111111111111111111111111111
00000000000000000000000011111111111111111111111111
00000000001000000000000000111111111111111111111011
00000000001000000000000011111111111111111111111011
00000000101000000000000001111111111111111111111011
10000010101000000000000000000001111111111111111011
10000011101000000000000000000001111111111111111011
10000011101000000000000000011111101111111111111011
10000011101000100000000011111111101111011011111011
11000111101000110000110000000001101111011011111001
11011111101001110000110000000010101101011011111000
11011111101101110000110000000000000001001011111000
11011111111101110001110000001110101100001011101000
11011111111101110011111000000000000000001011001000
11111111111111111111111000000000000000000000001000
11011111111111110111111000000000000000000000000000
11111111111111111111111110000000001100001010001000
11111111111111111111111110100000000000001010001000
11111111111111111111111110100000101100001000001000
11111111111111111111111110100000000000000000000000
11111111111111111111111110000000000000000000000000
11111111111111111111111110110000100000000000001000
11111111111111111111111110000000000000000000000000
11111111111111111111111110100000000000000000000000
11111111111111111111111111110100100000000000000000
11111111111111111111111010000000000000000000000000
11111111111111111111111111110000000000000000000000
11011111111111111111111000000000000000000000000000
11111111111111111111111111111000000000000000000000
11011111111111111111111000000000000000000000000000
11111111111111111111111111100000000000000000000000
11111111111111111111111111111110100000000000000000
11111111111111111111111111111000000000000000000000
11111111111111111001111000000000000000000000000000
11111111111111111111111111111000100000000000000000
TestCase #:18
00000000000000000000001111111111111111111111111111
00000000000000000000000000000001111111111111111111
00000000000000000000000000001111111111111111111111
00000000000000000000001111111111111111111111111111
00000000000000000000000000111111111111111111111111
00000000000000000000001111111111111111111111111111
00000000000000000000111111111111111111111111111111
00000000000000000000001111111111111111111111111111
00000000000000000000000001111111111111111111111111
00000000000000000001111111111111111111111111111111
00000000000000000000000000000001111111111111111111
00000000000000000000000000000111111111111111111111
00000000000000000000111111111111111111111111111111
00000000000000000000000000000111111111111111111111
00000000000000000000000000011111111111111111111111
00000000000000000000111111111111111111111111111111
00000000000000000000000000011111111111111111111111
00000000000000000000000000011111111111111111111111
00010000000000000000000000001111111111111111111111
00010000000000000000000000000111111111111111111111
00010000000000000000000001111111111111111111111111
00010000001000000000000001111111111111111111111101
00010000001000111111111111111111111001011111101101
00011010101000000000000001111111111001011101101101
10011010101000000100000011111111101001011101101101
11011010101010010100000000000000001001011101001101
11111110101010010100000000001111100001011101000101
11111111101010010100011111111111000000011000000101
11111111101010111111111110111111000000000000000101
11111111111111111111111110000001000000000000000101
11111111111111111111111110000000000000000000000101
11111111111111111111111110000001000000000000000001
11111111111111111111111110110111000000000000000000
11111111111011011111111110000000000000000000000000
11111111111011010111011110000000000000000000000000
11111111111111111111011110000000000000000000000000
11111111111111111111111110010000000000000000000000
11111111111111111111010010000000000000000000000000
11111111111111111111111110010000000000000000000000
11111111111111111111010110000000000000000000000000
11111111111111111111010010000000000000000000000000
11111111111111111111111111111111000000000000000100
11111111111111111111111110010000000000000000000000
11111111111111111111111111111010000000000000000000
11111111111111111111111111110000000000000000000000
11111111111111111111111111110010000000000000000000
11111111111111111111110110000000000000000000000000
11111111111111111111111100000000000000000000000000
11111111111111111111111111110010000000000000000000
11111111111111011110000000000000000000000000000000
TestCase #:19
00000000000000000000011111111111111111111111111111
00000000000000000000000000000000000111111111111111
00000000000000000000011111111111111111111111111111
00000000000000000000000001111111111111111111111111
00000000000000000000000000011111111111111111111111
00000000000000000000000000000111111111111111111111
00000000000000000000000000011111111111111111111111
00000000000000000000000000000111111111111111111111
00000000000000000000011111111111111111111111111111
00000000000000000000000000111111111111111111111111
00000000000000000000000000000111111111111111111111
00000000000000000000000000011111111111111111111111
00000000000000000000000000111111111111111111111111
00000000000000000000000000011111111111111111111111
00000000000000000000000000000011111111111111111111
00000000000000000111111111111111111111111111111111
00000000000000000000000011111111111111111111111111
00000000000000000000000000000011111111111111111111
00000000000000000000000000001111111111111111111111
00000000000000000000100000011111111101111110111111
00000000000000000001111111111111101101011110111110
00000000000000010001111111111111101100011110111110
00010000000000011111111111111111101100011110101110
00010100000100010001111111111110100100011100101110
10011100100101010001111111111110000000011100001110
11011100101101110011111111111110000000010000001010
11011100101101110000100001111110000000010000001010
11011100111101111010100000011100000000010000001010
11011100111111111010100011110100000000000000000000
11011100111111111010100111110100000000000000000000
11011100111111111110100011110100000000000000000000
11011111111111111111111111100100000000000000000000
11111110111111111110100011100000000000000000000000
11111110111111111111101111100000000000000000000000
11111111111111111111111111100000000000000000000000
11111110111111111111100011100000000000000000000000
11111111111111111111101111100000000000000000000000
11111111111111111111100110100000000000000000000000
11111111111111111111110000000000000000000000000000
11111111111111111111110110100000000000000000000000
11111111111111111111111110100000000000000000000000
11111111111111111111111110000000000000000000000000
11111111111111111111110010000000000000000000000000
11111111111111111111110110000000000000000000000000
11111111111111111111111100000000000000000000000000
11111111111111111111111110000000000000000000000000
11111111111111111111111110100000000000000000000000
11111111111111111111111111110100000000000000000010
11111111111111111111111111100100000000000000000000
11111111111111111111111111100000000000000000000000
TestCase #:20
00000000000000000000000000000001111111111111111111
00000000000000000000000000001111111111111111111111
00000000000000000000000000111111111111111111111111
00000000000000000000000001111111111111111111111111
00000000000000000000011111111111111111111111111111
00000000000000000000000000000111111111111111111111
00000000000000000000000000000111111111111111111111
00000000000000000000111111111111111111111111111111
00000000000000000000000000111111111111111111111111
00000000000000000000000001111111111111111111111111
00000000000000000000000000000000111111111111111111
00000000000000000000000001111111111111111111111111
00000000000000000000000001111111111111111111111111
00000000000000000000000000111111111111111111111111
00000000000000000000000000011111111111111111111111
00000000000000000000000000111111111111111111111111
00000000000000000000001111111111111111111111111111
00000000000000000000111111111111111111111111111111
00000000000000000011111111111111111111111111111111
10100000000000000000000000111111111111111111101111
10100000001000000000000000000111111111111111100111
10100000001000001000000111111111111111111110100110
10100000001000011111111111111111101111111110000010
10100100001000001100000000000110101011111110000010
10100100001110001100000000011100001011110110000010
11100100011110001100011111111100001011110110000010
11100100011110001100010011111000001001110110000010
11100110011111011100011111011000001001110100000010
11100111111111111111111111000000000000000000000000
11100111111111111111111111000000000000000000000000
11111111011111111111111111000000000000000000000000
11111111111111111111111111100000000000010100000010
11111111111111111111111111100000000000000000000000
11111111011111011110110100000000000000000000000000
11111111011111011110010000000000000000000000000000
11111111111111111111110100000000000000000000000000
11111111111111111111111111111000000000100000000000
11111111111111111111010100000000000000000000000000
11111111111111111111111100000000000000000000000000
11111111111111111111111111000000000000000000000000
11111111111111111111111100000000000000000000000000
11111111111111111111110000000000000000000000000000
11111111111111111111111111100000000000000000000000
11111111111111111111111111100000000000100000000000
11111111111111111111111111000000000000000000000000
11111111111111111111110100000000000000000000000000
11111111111111111111111111000000000000000000000000
11111111111111111111111111100000000000000000000000
11111111111111111111111111111000000000110000000010
11111111111111111111111110000000000000000000000000
